TOTAL MSE: 39.21666666666667

TOTAL RMSE: 6.262321188398649

TOTAL R2SCORE: 0.3080904118719492

MSE FOR EACH COUNT: 

HumanSum
3       4.000000
4      25.000000
5       2.500000
6      12.666667
7      10.000000
8       8.000000
9       2.500000
11     36.000000
12     18.000000
13     17.666667
14     37.000000
15      4.500000
17     58.500000
18      7.000000
19     10.000000
20     36.500000
21     82.833333
22     11.666667
24     42.500000
25    109.000000
27     32.333333
30      0.000000
36    330.500000
dtype: float64


